D01:	1031.67
D12:	38.0376
D23:	1089.38
D34:	34.8109
D45:	0.144472
D56:	0.0567175
D67:	0.0803958
D78:	3.58187
D89:	0.801218
