D01:	9.57463
D12:	0.0017049
D23:	6.75003
D34:	1.28364
D45:	2.85542
D56:	0.0080793
D67:	0.316728
D78:	-3.65143
D89:	4.28641
