D01:	88.585
D12:	3.93077
D23:	126.81
D34:	0.25794
D45:	0.0879074
D56:	0.0733415
D67:	0.159289
D78:	0.201869
D89:	0.0654857
